(20, 20) 
(3, 3) 
(15, 15) 
[[1 1 1 1 1 1 1 1 1 1 1 1 1 1 1 1 1 1 1 1]
 [1 1 1 1 1 1 1 1 1 1 1 1 1 1 1 1 1 1 1 1]
 [1 1 1 1 1 1 1 1 1 1 1 1 1 1 1 1 1 1 1 1]
 [1 1 1 5 1 0 0 0 0 0 0 0 0 0 3 3 1 1 1 1]
 [1 1 1 0 1 1 1 1 1 1 1 0 1 1 0 0 1 1 1 1]
 [1 1 1 0 0 0 0 0 0 0 1 0 1 0 1 1 1 1 1 1]
 [1 1 1 6 1 1 1 1 1 0 1 0 1 0 1 1 1 1 1 1]
 [1 1 1 0 1 0 0 0 0 0 0 0 0 0 0 0 1 1 1 1]
 [1 1 1 1 1 1 1 1 1 0 1 1 1 0 1 1 1 1 1 1]
 [1 1 1 0 0 0 1 0 0 0 1 0 6 0 0 0 1 1 1 1]
 [1 1 1 1 1 0 1 1 1 1 1 1 1 0 1 0 1 1 1 1]
 [1 1 1 0 0 0 0 0 1 0 0 0 0 0 1 0 1 1 1 1]
 [1 1 1 1 1 1 1 0 1 1 1 0 1 1 1 0 1 1 1 1]
 [1 1 1 0 0 0 0 0 0 0 2 0 1 0 0 0 1 1 1 1]
 [1 1 1 1 1 1 1 1 1 1 1 0 1 1 1 0 1 1 1 1]
 [1 1 1 0 0 6 0 0 0 0 0 2 0 0 1 4 1 1 1 1]
 [1 1 1 1 1 1 1 1 1 1 1 1 1 1 1 1 1 1 1 1]
 [1 1 1 1 1 1 1 1 1 1 1 1 1 1 1 1 1 1 1 1]
 [1 1 1 1 1 1 1 1 1 1 1 1 1 1 1 1 1 1 1 1]
 [1 1 1 1 1 1 1 1 1 1 1 1 1 1 1 1 1 1 1 1]]